0.0
0.5089568707360576
0.3904487802610531
0.6965551252341842
0.731905282449471
0.5591340626366748
0.4022644528311693
0.5571695074241232
0.16832080357460272
0.6429452640547949
0.5070207195009293
0.480177705571357
0.6651736310612741
1.0017076835101346
1.02171572156112
0.593476410651706
0.3340575646011328
0.20631902772948502
0.25890131324577015
0.3512469677395663
0.3104073784963882
0.40829986974849747
0.5946839186983619
0.3855809824605461
0.48043521935878597
0.37576020308835256
0.3709595409896341
0.7427013132930962
0.23724226027892267
0.16366459683144668
0.9696680498042822
0.38825468476278563
0.3146309108552592
0.501920086789959
0.26814401771810986
0.23357090204740832
0.7858776049762711
0.6881922019343434
0.4362394814271629
0.6368178703548134
0.47305640255704356
0.22211026541616663
0.29516397273928946
0.8913099573150075
0.2775495323419586
0.13291786939023661
0.3601392231124097
0.3806623306859243
0.6078911252884763
0.3044949424920552
0.5089568707360576
0.0
0.30547740207891005
0.4683566181380273
0.4666053861669408
0.2413665617886639
0.32310902555769005
0.42739974067493297
0.41504848812619477
0.37202745990081165
0.18709593349135087
0.6815520223554213
0.33144134336108405
0.8011019475254071
0.9064817956349923
0.8641794061789717
0.694481130750865
0.6362959376964465
0.38930146028253265
0.8382004292435074
0.4972947298478439
0.3857436059405262
0.7459820877373665
0.6739312147756623
0.8018019062841724
0.73546322094204
0.43152364594422865
0.5596313656258466
0.6502645287251612
0.6097417471741949
0.698552250450172
0.21889138585721007
0.5983799103258816
0.34603825731990967
0.2972527815466325
0.539978429318246
0.6436702015232646
0.5179379077930095
0.8103604008192897
0.8148605146459117
0.5193796076042605
0.6358500989454983
0.4899414213240191
0.7285019511806187
0.6980250863894505
0.4695090396669696
0.4838225404998097
0.3393978319450494
1.0055450661892833
0.4120789831197412
0.3904487802610531
0.30547740207891005
0.0
0.7058399905268162
0.7148126937264615
0.2858895766062666
0.4439838285348647
0.31325135278293703
0.2828906902509592
0.4353205282352764
0.2491151541362751
0.533514291192423
0.5986064671255567
0.9959616901569759
1.0924688395024527
0.8727760308386114
0.6290488860256731
0.45417586060945614
0.28887703268188164
0.7080549966813595
0.408864024459042
0.3472021487210586
0.771880050824725
0.6828997206345454
0.7659871082536301
0.635884171961407
0.32568915436185486
0.7851360968803434
0.5066587017182597
0.5387927710879425
0.9390757474112192
0.2569697456191761
0.41662184295719795
0.4755102311300359
0.1924410660241522
0.42413113581337103
0.8367483253764779
0.7074624928435006
0.7738341757424262
0.8941813294966184
0.355460279089027
0.490954397088304
0.4139340546274733
0.9421352822180438
0.5186672082562576
0.3460361397604882
0.5509094390231449
0.4110123599362191
0.8427434782508424
0.2880220825220527
0.6965551252341842
0.4683566181380273
0.7058399905268162
0.0
0.07243290720169943
0.6627768422081816
0.3318768026877594
0.7742655763191916
0.6912421355912919
0.6335549620992956
0.572167888537001
0.9553884188600137
0.19328350521161908
0.5646897763134109
0.4876279428521811
0.738107100949502
0.7050807885192235
0.8676584180844961
0.7177654578985189
0.9589254614749209
0.7694321936467242
0.7112884346483429
0.5743739548758195
0.6493791567958507
0.7735493795144694
0.8549254302089802
0.7796578204153986
0.2857613698400118
0.8530162787220652
0.7128320287060689
0.35672315333447313
0.5849497595378256
0.7860772301416954
0.3733807879402608
0.6137814678132926
0.7993286698804755
0.34626638975345275
0.3507342325363893
0.8029647196852986
0.5570315275394114
0.8060466255348568
0.8632956924906379
0.6381823390480889
0.2939438078978471
0.9082603071657871
0.6652894427787728
0.44057542149443607
0.4463154631792293
1.14422869273033
0.7049777107631772
0.731905282449471
0.4666053861669408
0.7148126937264615
0.07243290720169943
0.0
0.6573065068934589
0.35547515489671
0.784395669320656
0.7160567354224384
0.6422235860977468
0.5811318577130322
0.9876221347043436
0.1991387159971661
0.5636368139582438
0.4969299031952495
0.7826143316606465
0.7544701719014476
0.9035618119691646
0.7408807418923186
1.0012579994706658
0.7950932483315651
0.7432827408220911
0.6126678335158456
0.7079624359872492
0.8153064108712336
0.888393653155199
0.8027571276102129
0.31817399065959184
0.8898321734453953
0.7570500188329962
0.3409372516006428
0.5911694951454193
0.8184122778194435
0.3973909425855099
0.634194061515251
0.8328028481273344
0.37806041322651074
0.3789318461794944
0.8496866863591545
0.6086697840775406
0.8255945877908573
0.8964139646664367
0.6624832556744359
0.31077216184653417
0.939741181894781
0.6954832751756148
0.4823303772184476
0.48797872499628503
1.1867994836254394
0.7190788802690563
0.5591340626366748
0.2413665617886639
0.2858895766062666
0.6627768422081816
0.6573065068934589
0.0
0.48954069291264124
0.4462471288434928
0.43155453073713973
0.4259258299858802
0.3148628431572403
0.6889034844856582
0.5151220840185955
0.9149511105633246
1.0465241592060208
1.0338922816236236
0.7999117188918169
0.6560194296063654
0.41113609668821643
0.8870606368740306
0.5706846595661152
0.4050664193470015
0.9222234345567135
0.7852843424316195
0.9508467279220346
0.820962928668946
0.38854755525786144
0.7095071111768654
0.6922586294695037
0.6739298927048962
0.8274609669149722
0.2826335087435899
0.6494787218059395
0.5135722791565573
0.3313029042113228
0.5466555529207225
0.7850552910471089
0.6856829852643719
0.9401635954364118
0.9840801288518435
0.5650598729339186
0.6681472966353009
0.4826383787900222
0.8917471278417792
0.7426779927405018
0.4941589420430039
0.6504832511542084
0.44520737864624493
1.0888643075365751
0.4708547652950546
0.4022644528311693
0.32310902555769005
0.4439838285348647
0.3318768026877594
0.35547515489671
0.48954069291264124
0.0
0.6072267863220792
0.38179316725206075
0.47842383117617593
0.4114133687996053
0.7529951519787473
0.3175514142797037
0.7379438561483116
0.7098171913838096
0.6024413996484375
0.510784709660577
0.5890954649520229
0.4555608192285201
0.6823143537285727
0.496013014412485
0.5169803977731071
0.4844409280684694
0.5164415015033551
0.5701640904299049
0.5657748670050305
0.5618368658240931
0.4942289455206868
0.55038426578179
0.4648717351687022
0.6339030958585389
0.3318300922858113
0.5347048157835219
0.32753199661565896
0.3190952268632203
0.5493326459869649
0.5482583697738138
0.47915120288593654
0.5987050113623904
0.5130452319504002
0.6042230465770895
0.5674775942951756
0.3703194988480082
0.569941444360889
0.5987505264524114
0.35961480785284694
0.21702499856525748
0.2551473300409785
0.879957481994903
0.3935898881158408
0.5571695074241232
0.42739974067493297
0.31325135278293703
0.7742655763191916
0.784395669320656
0.4462471288434928
0.6072267863220792
0.0
0.524608952567186
0.6260239074957521
0.2948974906641289
0.43232358824147554
0.6836669394522453
1.0148810669236077
1.1502347655847653
0.9688750229022938
0.6696213856351961
0.5489099926217413
0.4496063055623135
0.865609135248121
0.5838215486929547
0.4243487535989708
0.8247654111103351
0.721880754972731
0.8832095221415545
0.8420600752216199
0.38179000104769634
0.7858935175138232
0.7060794361075078
0.6614011644356547
0.9611500706965588
0.4955219271629561
0.4380495521034236
0.4432049892544081
0.45190655502615806
0.5238584827985513
0.8157135587937716
0.6615570496941288
0.8883978092954755
1.005269705104058
0.19069572622844913
0.6667571596915927
0.611281056470753
0.9733982843743092
0.6919912332537168
0.5517290820683645
0.7068238960624421
0.5558905737642976
0.9445040075400475
0.5433493259405039
0.16832080357460272
0.41504848812619477
0.2828906902509592
0.6912421355912919
0.7160567354224384
0.43155453073713973
0.38179316725206075
0.524608952567186
0.0
0.5282851692134561
0.4299079239949411
0.532898501850599
0.6212238350624033
1.003671476287754
1.0526641346877739
0.7050250654385222
0.4910358444122384
0.3052287507978893
0.18610519332717282
0.4609155725256416
0.26584546420994287
0.3514417239302129
0.6919066194255118
0.5178407053386591
0.5873854722223599
0.4161705197644351
0.3256996754705782
0.7624089261621287
0.27158811116492576
0.31286529280826275
0.9623287131545228
0.2547213604750297
0.4024999156606247
0.52155689740779
0.1453630631323171
0.26771885961515673
0.8239164903760817
0.717951574908531
0.5588711354276941
0.7288445466034853
0.48974966356894173
0.26171439225545085
0.2899595970366216
0.9175485668906254
0.33246693672249567
0.15301821170579663
0.398323753259594
0.3571148598331355
0.6935755125262786
0.19908335719903866
0.6429452640547949
0.37202745990081165
0.4353205282352764
0.6335549620992956
0.6422235860977468
0.4259258299858802
0.47842383117617593
0.6260239074957521
0.5282851692134561
0.0
0.37035928874033924
0.8758053328016934
0.4773948275864015
0.9398247989685365
1.0093499098974994
0.9682375548140395
0.8419141326799604
0.7710809216653269
0.573817516841149
0.9205258549091655
0.6110045749914561
0.4884155473387901
0.8638479322370634
0.8345747388677961
0.8960858288292549
0.7716738179272963
0.6340098463795732
0.7818478180112802
0.694753108544824
0.7603492166130573
0.848090816514511
0.4037981813221055
0.7288706619248438
0.6116894391815589
0.401320321199114
0.7167326169892438
0.8507869549753629
0.762452511804014
0.925059452182534
0.908489940921885
0.7049799235562284
0.7405731987833816
0.6051504050698884
0.8776187169136711
0.7735479530425051
0.5808599252455363
0.5981643353608104
0.40026241736671964
1.0242848291978945
0.5032102967510204
0.5070207195009293
0.18709593349135087
0.2491151541362751
0.572167888537001
0.5811318577130322
0.3148628431572403
0.4114133687996053
0.2948974906641289
0.4299079239949411
0.37035928874033924
0.0
0.5927815440362367
0.44622971001492046
0.8841018549918329
1.000747743419809
0.8727831116628691
0.6691156178867745
0.5900561413967319
0.3845097398004274
0.832185391018732
0.4815624473713041
0.32949594031034735
0.7458030928898055
0.6755851496295637
0.7975419800872634
0.7382612547616461
0.4046094350110981
0.6499620072513853
0.6337055152781109
0.6200054276511134
0.8038828076280772
0.3004689173596663
0.5198203921529146
0.36029184351022997
0.30748659235096737
0.5257319659294079
0.7137136960994933
0.5638493061093539
0.813754052254734
0.8653222347773112
0.3936248086716533
0.6242725846935776
0.5410535278509881
0.8195542752147952
0.6664429854833794
0.4844102083978
0.5345090925745698
0.3704807687316577
0.934696105832912
0.41675772338374245
0.480177705571357
0.6815520223554213
0.533514291192423
0.9553884188600137
0.9876221347043436
0.6889034844856582
0.7529951519787473
0.43232358824147554
0.532898501850599
0.8758053328016934
0.5927815440362367
0.0
0.9004019740145981
1.1841019502686352
1.3037720981130931
0.9021304223480705
0.5504715385636072
0.3445922116502126
0.42383023598451786
0.6531481129427572
0.5366158433081089
0.44841865652116314
0.8754042103473485
0.5676664272500047
0.7985647681522804
0.7598560120145611
0.3353841837657001
0.9007797119180165
0.5844436250887372
0.5052995438501136
1.1735713279639992
0.6450002395384461
0.41759825060458394
0.6239581216900577
0.5681350037443819
0.3342159162457481
0.9357501263424896
0.7909549976262777
0.7348206767989894
0.9921716328085503
0.3421006707576483
0.5093467904581169
0.658196967381334
1.1296747535929286
0.5687517240852855
0.5515752432352135
0.7461705494725297
0.6689521499703733
0.7607683451495211
0.6239507055449051
0.6651736310612741
0.33144134336108405
0.5986064671255567
0.19328350521161908
0.1991387159971661
0.5151220840185955
0.3175514142797037
0.6836669394522453
0.6212238350624033
0.4773948275864015
0.44622971001492046
0.9004019740145981
0.0
0.6089201951816017
0.6301817205249927
0.8327406012651961
0.7452068561144617
0.8309220565732987
0.6348064989089135
0.9592864624422676
0.7058501651726378
0.5913645051920178
0.6856235540178006
0.6797813016698827
0.8325950762093858
0.8493026027501859
0.682197616823747
0.3466734614305658
0.8119718524639239
0.7099449686368938
0.42363287750126283
0.47536135703829574
0.7662190082841916
0.36598824789875434
0.5195794318230949
0.7407111367463028
0.43677316091994484
0.39555610739817937
0.8509984051929828
0.6809738351067536
0.7503575418722702
0.8226593548364962
0.5998509432350674
0.4464636063448491
0.8819211909235428
0.6228226104598323
0.46911338379851203
0.36371328556982907
1.1423788000576736
0.6368668260319421
1.0017076835101346
0.8011019475254071
0.9959616901569759
0.5646897763134109
0.5636368139582438
0.9149511105633246
0.7379438561483116
1.0148810669236077
1.003671476287754
0.9398247989685365
0.8841018549918329
1.1841019502686352
0.6089201951816017
0.0
0.6076542345444818
1.0684335063652395
0.9769167109329229
1.1276034497996181
1.0241113700771964
1.2487744372083376
1.1110344476739864
0.9897596923905317
0.891157581667799
0.916436961498171
1.113940949746221
1.1954648859260735
1.0309011130559516
0.5470061872321464
1.1685897965727305
1.0012943261183698
0.49668764671572013
0.9237795924890796
1.0488945360225737
0.6882995296380785
0.9336553968545408
1.0642010853217545
0.5381267601597229
0.4854639533477228
1.1263101098547417
0.8740992620978467
1.0601456749719802
1.1716976785843694
0.8847470655503753
0.5218537100978093
1.2210395091478408
0.9602171837662561
0.8373450667704981
0.7739324841354058
1.4518328370233298
1.0489840656559088
1.02171572156112
0.9064817956349923
1.0924688395024527
0.4876279428521811
0.4969299031952495
1.0465241592060208
0.7098171913838096
1.1502347655847653
1.0526641346877739
1.0093499098974994
1.000747743419809
1.3037720981130931
0.6301817205249927
0.6076542345444818
0.0
0.9429422917962945
0.9292007749221047
1.1907367470435435
1.1222544567873367
1.2309866189186784
1.185286088900127
1.1135383135350305
0.7334716697791674
0.895949605551473
1.0351723604170664
1.1694832207638381
1.1610864031810206
0.5306871887235362
1.1889245243318012
1.0000488455712349
0.36295211418565954
1.0106103371666102
1.0702457682837574
0.7349075965996268
0.9932544689585292
1.1561306384141197
0.45443592063110505
0.6483603574863596
1.0707254737920642
0.6668934367347155
1.159318444498637
1.2138936963176963
0.8827410770774405
0.23962615726305087
1.2383073523402175
0.9696133744745067
0.7827727479736696
0.7891879661777922
1.4435723929658706
1.0990416579729085
0.593476410651706
0.8641794061789717
0.8727760308386114
0.738107100949502
0.7826143316606465
1.0338922816236236
0.6024413996484375
0.9688750229022938
0.7050250654385222
0.9682375548140395
0.8727831116628691
0.9021304223480705
0.8327406012651961
1.0684335063652395
0.9429422917962945
0.0
0.4520801987527438
0.6878705396540256
0.7647312861395433
0.5558178497302154
0.6693598364228559
0.8743199263041878
0.33716881993778786
0.5186386439507958
0.17165153655170842
0.48333205999564355
0.9054608940571207
0.8451430001824249
0.6145143123308391
0.5405782554360399
1.0418564563569785
0.8009805554660502
0.6783374971669534
0.7195137390112301
0.750134364107262
0.7543535708882938
0.8582340939416939
0.7923320001640223
0.266100234715568
0.31511688308296076
0.850441067917354
0.6448675988169358
0.747582713071885
0.8525637160985916
0.6031963800487535
0.6581420895246864
0.41305787732747373
0.7129916970091029
0.6185552280915378
0.6934224686321611
0.3340575646011328
0.694481130750865
0.6290488860256731
0.7050807885192235
0.7544701719014476
0.7999117188918169
0.510784709660577
0.6696213856351961
0.4910358444122384
0.8419141326799604
0.6691156178867745
0.5504715385636072
0.7452068561144617
0.9769167109329229
0.9292007749221047
0.4520801987527438
0.0
0.37634757884168724
0.5395574739708389
0.44483438516486107
0.5665111355324272
0.612239411473159
0.4090231610850417
0.2501986948407205
0.4096975196616558
0.5288904200741775
0.5954699686802014
0.7116469077992611
0.47787610383874196
0.2675486581181823
0.9497094577290468
0.6551016756605726
0.32187980707091585
0.4996430742039762
0.5367468485586199
0.462989434112702
0.7020495923366098
0.6364448366512214
0.38066373123926583
0.5034988978140865
0.5378953219679417
0.478940152941889
0.473949944719904
0.8144573472363353
0.4707771479160814
0.39399576152542554
0.42035450111886513
0.5041181509328938
0.620039746981764
0.5811423148420704
0.20631902772948502
0.6362959376964465
0.45417586060945614
0.8676584180844961
0.9035618119691646
0.6560194296063654
0.5890954649520229
0.5489099926217413
0.3052287507978893
0.7710809216653269
0.5900561413967319
0.3445922116502126
0.8309220565732987
1.1276034497996181
1.1907367470435435
0.6878705396540256
0.37634757884168724
0.0
0.31292908481218623
0.3456454903871884
0.3631007737780795
0.44743727904701913
0.7078210758122423
0.45124878326705764
0.5588360929839025
0.4567542243726269
0.3662128136753274
0.881763298096632
0.2813287943917155
0.25735579557655197
1.129469033838467
0.5212984543419347
0.287361508727265
0.6115762932782793
0.4033693581267794
0.2053344832218885
0.9171190162677907
0.7949757795052627
0.4975403034539011
0.7861197237062558
0.4288035116015208
0.22511999022743406
0.44295549437838566
1.0532638532404162
0.2634941230843678
0.29891721261914644
0.5398253216040259
0.5385900574648589
0.5440381398938956
0.4154672670620395
0.25890131324577015
0.38930146028253265
0.28887703268188164
0.7177654578985189
0.7408807418923186
0.41113609668821643
0.4555608192285201
0.4496063055623135
0.18610519332717282
0.573817516841149
0.3845097398004274
0.42383023598451786
0.6348064989089135
1.0241113700771964
1.1222544567873367
0.7647312861395433
0.5395574739708389
0.31292908481218623
0.0
0.5295692242456999
0.21853706929577055
0.2619003894529987
0.7635025168449102
0.5252934680772191
0.6483984037611462
0.5096084185371984
0.20173664113440673
0.7512116950647283
0.35220565025623896
0.3627458480482229
0.987651143269825
0.25377090112905853
0.44347092359707013
0.5053947699604661
0.23066066920721096
0.19152560724193626
0.8294838515615555
0.690268873469891
0.6014057332479901
0.8086894150422598
0.43402673880767484
0.2910367674390856
0.4260767161925096
0.9554592665378048
0.4003809971781782
0.30247097381631904
0.47057576438918997
0.41911828879373947
0.7306001986193313
0.2697358337362546
0.3512469677395663
0.8382004292435074
0.7080549966813595
0.9589254614749209
1.0012579994706658
0.8870606368740306
0.6823143537285727
0.865609135248121
0.4609155725256416
0.9205258549091655
0.832185391018732
0.6531481129427572
0.9592864624422676
1.2487744372083376
1.2309866189186784
0.5558178497302154
0.44483438516486107
0.3456454903871884
0.5295692242456999
0.0
0.46130043985589264
0.6813892471385206
0.7140822025292327
0.49942579851765756
0.42023568767277836
0.28910714324492237
0.6494961629024454
1.0050093491805188
0.24899893710776377
0.3062913463025686
1.2485976516176056
0.6825601728399409
0.5385920073413734
0.8134132055880332
0.5885123871420295
0.44116012061948656
1.0446453776401827
0.9584860901572855
0.3213659686027754
0.6885171857150698
0.7416011819234078
0.2603155105348124
0.5721282942006976
1.127542650158143
0.258414732407036
0.4423849850808682
0.54314838220038
0.6779978798086319
0.4193812481444658
0.5334352866327836
0.3104073784963882
0.4972947298478439
0.408864024459042
0.7694321936467242
0.7950932483315651
0.5706846595661152
0.496013014412485
0.5838215486929547
0.26584546420994287
0.6110045749914561
0.4815624473713041
0.5366158433081089
0.7058501651726378
1.1110344476739864
1.185286088900127
0.6693598364228559
0.5665111355324272
0.3631007737780795
0.21853706929577055
0.46130043985589264
0.0
0.3940452890235334
0.7379895263304487
0.5697360184771891
0.5323975400523793
0.36224448939907977
0.4080871331789818
0.8522834387733285
0.2677473254633034
0.40304513404952563
1.0858032356399754
0.33031981486167306
0.5110789667806827
0.6117619731057496
0.3299172496369507
0.3216964438694342
0.9352430222772262
0.7842562511821248
0.5006001122860841
0.7718866372196374
0.5345271374291596
0.2314993104055388
0.5436024756365997
1.0232541524395982
0.3094388948051618
0.38727811804727624
0.43737597145249074
0.5065755528233079
0.5892897590443008
0.22589721272791305
0.40829986974849747
0.3857436059405262
0.3472021487210586
0.7112884346483429
0.7432827408220911
0.4050664193470015
0.5169803977731071
0.4243487535989708
0.3514417239302129
0.4884155473387901
0.32949594031034735
0.44841865652116314
0.5913645051920178
0.9897596923905317
1.1135383135350305
0.8743199263041878
0.612239411473159
0.44743727904701913
0.2619003894529987
0.6813892471385206
0.3940452890235334
0.0
0.8370639129056991
0.5473105086886236
0.7790690495499438
0.6717062194037211
0.22970604441546594
0.7092029105850102
0.49417584839337925
0.48265815505204096
0.94443478813574
0.35884165715770794
0.5163400129926113
0.49967639736233294
0.308437579132002
0.32553567128810945
0.7880843956588659
0.6566027190630572
0.7318144866590166
0.8731138211487665
0.4628222811219395
0.47764209894124704
0.512845874197112
0.9359695411293514
0.5794563017009995
0.42439394986380286
0.5560006662104732
0.3599913536197779
0.837256015547222
0.44661595882928323
0.5946839186983619
0.7459820877373665
0.771880050824725
0.5743739548758195
0.6126678335158456
0.9222234345567135
0.4844409280684694
0.8247654111103351
0.6919066194255118
0.8638479322370634
0.7458030928898055
0.8754042103473485
0.6856235540178006
0.891157581667799
0.7334716697791674
0.33716881993778786
0.4090231610850417
0.7078210758122423
0.7635025168449102
0.7140822025292327
0.7379895263304487
0.8370639129056991
0.0
0.5346253021359912
0.40586224660940423
0.639551508244207
0.8650929569381547
0.6960209485441153
0.7097313099574065
0.5830771660904241
0.8296198215110341
0.7537219790191141
0.5694663223699976
0.5311084936846708
0.6848461506639356
0.7765932655927427
0.6639524782422307
0.6238518264491978
0.5072328196410403
0.34509031189530665
0.7245741116065048
0.7381838614898052
0.651876998646217
0.6512939143216129
0.6888459089404538
0.6101876788038251
0.4056885783845658
0.6076588297424798
0.7878627175819466
0.6866804594307312
0.3855809824605461
0.6739312147756623
0.6828997206345454
0.6493791567958507
0.7079624359872492
0.7852843424316195
0.5164415015033551
0.721880754972731
0.5178407053386591
0.8345747388677961
0.6755851496295637
0.5676664272500047
0.6797813016698827
0.916436961498171
0.895949605551473
0.5186386439507958
0.2501986948407205
0.45124878326705764
0.5252934680772191
0.49942579851765756
0.5697360184771891
0.5473105086886236
0.5346253021359912
0.0
0.4992092720660473
0.5965608752794974
0.5628471605151794
0.5947960451703171
0.5185621647203893
0.26380015577864996
0.8848104404899391
0.6461029059300771
0.49301853664341055
0.49548616418624647
0.559497018340232
0.4344134463848926
0.6174215208429328
0.5616256888711556
0.41024833762125107
0.49256884229516584
0.6350933606040892
0.5104211539503433
0.5208461331333852
0.7557347926951943
0.5752886121765318
0.4546730082157945
0.41491568523362665
0.4617762384532145
0.7310203909079487
0.6381804559840422
0.48043521935878597
0.8018019062841724
0.7659871082536301
0.7735493795144694
0.8153064108712336
0.9508467279220346
0.5701640904299049
0.8832095221415545
0.5873854722223599
0.8960858288292549
0.7975419800872634
0.7985647681522804
0.8325950762093858
1.113940949746221
1.0351723604170664
0.17165153655170842
0.4096975196616558
0.5588360929839025
0.6483984037611462
0.42023568767277836
0.5323975400523793
0.7790690495499438
0.40586224660940423
0.4992092720660473
0.0
0.3287365666341743
0.8016573970651757
0.8841445813888092
0.46530021499196794
0.45049117668891686
1.095199036924482
0.7067247698066376
0.5835318415263806
0.7044514054911899
0.6489302075821011
0.6406128210233643
0.9110194344806881
0.8186429572661776
0.16966227016273508
0.42632405515231353
0.7580324267470436
0.4968021437167043
0.6758631487819948
0.9306631184336266
0.4412841294466785
0.5581490481954734
0.37899664910117714
0.6650330894034618
0.47373897899699674
0.56643902584613
0.37576020308835256
0.73546322094204
0.635884171961407
0.8549254302089802
0.888393653155199
0.820962928668946
0.5657748670050305
0.8420600752216199
0.4161705197644351
0.7716738179272963
0.7382612547616461
0.7598560120145611
0.8493026027501859
1.1954648859260735
1.1694832207638381
0.48333205999564355
0.5288904200741775
0.4567542243726269
0.5096084185371984
0.28910714324492237
0.36224448939907977
0.6717062194037211
0.639551508244207
0.5965608752794974
0.3287365666341743
0.0
0.6879584865602285
0.9781130048012295
0.23125838374111343
0.4142762484152333
1.1802277833072055
0.5684305146631821
0.5757522036845453
0.7716582548656109
0.5102404163823265
0.5272173608316024
1.0317149801579115
0.9285266808671897
0.3294499588174811
0.6301063801313552
0.7416727379639969
0.2965031876426289
0.5787951805969362
1.0639953243057416
0.24069510419250328
0.43890993413482915
0.42099554641588555
0.621337654003232
0.425034222152158
0.3841238866332579
0.3709595409896341
0.43152364594422865
0.32568915436185486
0.7796578204153986
0.8027571276102129
0.38854755525786144
0.5618368658240931
0.38179000104769634
0.3256996754705782
0.6340098463795732
0.4046094350110981
0.3353841837657001
0.682197616823747
1.0309011130559516
1.1610864031810206
0.9054608940571207
0.5954699686802014
0.3662128136753274
0.20173664113440673
0.6494961629024454
0.4080871331789818
0.22970604441546594
0.8650929569381547
0.5628471605151794
0.8016573970651757
0.6879584865602285
0.0
0.7518886637263857
0.5004519699804328
0.4456936696037313
0.994014503163812
0.3761495024286089
0.46646604786630513
0.5148580002291895
0.3326876255733146
0.22016343224977217
0.8201168178375564
0.6902897905227919
0.7423293344607903
0.923544901398952
0.4025823419304374
0.43603462580396063
0.4667735584841969
0.9890684580420348
0.544916705377987
0.39042713135744034
0.6121416752736984
0.4654135740392624
0.8557110088722769
0.4459540277876185
0.7427013132930962
0.5596313656258466
0.7851360968803434
0.2857613698400118
0.31817399065959184
0.7095071111768654
0.4942289455206868
0.7858935175138232
0.7624089261621287
0.7818478180112802
0.6499620072513853
0.9007797119180165
0.3466734614305658
0.5470061872321464
0.5306871887235362
0.8451430001824249
0.7116469077992611
0.881763298096632
0.7512116950647283
1.0050093491805188
0.8522834387733285
0.7092029105850102
0.6960209485441153
0.5947960451703171
0.8841445813888092
0.9781130048012295
0.7518886637263857
0.0
0.9286177310349162
0.719039067184037
0.34375082442119326
0.6887484737905704
0.8207482503083146
0.38265045200580905
0.7017872978322991
0.78387737980519
0.1574950503039699
0.25425745391285975
0.8678274073571599
0.6551031681119013
0.8235274377900142
0.9167735657566977
0.6849844617728565
0.31373077727739496
0.9922235654177186
0.7256079939404264
0.5785826652431267
0.5110800435061518
1.2304105088057236
0.8331423953144204
0.23724226027892267
0.6502645287251612
0.5066587017182597
0.8530162787220652
0.8898321734453953
0.6922586294695037
0.55038426578179
0.7060794361075078
0.27158811116492576
0.694753108544824
0.6337055152781109
0.5844436250887372
0.8119718524639239
1.1685897965727305
1.1889245243318012
0.6145143123308391
0.47787610383874196
0.2813287943917155
0.35220565025623896
0.24899893710776377
0.2677473254633034
0.49417584839337925
0.7097313099574065
0.5185621647203893
0.46530021499196794
0.23125838374111343
0.5004519699804328
0.9286177310349162
0.0
0.3027964498896447
1.1543057593594064
0.48123363354810533
0.46464042011005036
0.7038587476084218
0.38674265768464705
0.3386243302952346
0.9853017406327343
0.8768208371918953
0.41404773238079223
0.7156715797723815
0.6158957461045843
0.12738437931668117
0.474143579239344
1.0659800608004393
0.16530898642813124
0.31374437061706156
0.4525672215361383
0.5237112564132035
0.4605683988737049
0.32661892182464886
0.16366459683144668
0.6097417471741949
0.5387927710879425
0.7128320287060689
0.7570500188329962
0.6739298927048962
0.4648717351687022
0.6614011644356547
0.31286529280826275
0.7603492166130573
0.6200054276511134
0.5052995438501136
0.7099449686368938
1.0012943261183698
1.0000488455712349
0.5405782554360399
0.2675486581181823
0.25735579557655197
0.3627458480482229
0.3062913463025686
0.40304513404952563
0.48265815505204096
0.5830771660904241
0.26380015577864996
0.45049117668891686
0.4142762484152333
0.4456936696037313
0.719039067184037
0.3027964498896447
0.0
0.9757667262644489
0.5081925619292849
0.3899985770004937
0.5384934690753826
0.4079229491102578
0.267424830927945
0.7575804183826559
0.6798690190888536
0.3612614068253625
0.5718069432219585
0.5663026931517557
0.28045247425694075
0.36666871575966226
0.8734011564965554
0.3542994823829694
0.25683765361963573
0.375614856100248
0.4378798126390848
0.6180766457348879
0.44921514925126915
0.9696680498042822
0.698552250450172
0.9390757474112192
0.35672315333447313
0.3409372516006428
0.8274609669149722
0.6339030958585389
0.9611500706965588
0.9623287131545228
0.848090816514511
0.8038828076280772
1.1735713279639992
0.42363287750126283
0.49668764671572013
0.36295211418565954
1.0418564563569785
0.9497094577290468
1.129469033838467
0.987651143269825
1.2485976516176056
1.0858032356399754
0.94443478813574
0.8296198215110341
0.8848104404899391
1.095199036924482
1.1802277833072055
0.994014503163812
0.34375082442119326
1.1543057593594064
0.9757667262644489
0.0
0.8550795678106744
1.0196620345693028
0.5826217459896258
0.8746576141780337
1.0504746167328367
0.3225546905565008
0.48116941756516485
1.1151345916977915
0.8108390582600224
1.0236016655770914
1.1595745894076843
0.832910228295943
0.23622825326291605
1.211828833334147
0.9151990048071513
0.7704704116946284
0.6844115489966545
1.463764077635194
1.0063099365503652
0.38825468476278563
0.21889138585721007
0.2569697456191761
0.5849497595378256
0.5911694951454193
0.2826335087435899
0.3318300922858113
0.4955219271629561
0.2547213604750297
0.4037981813221055
0.3004689173596663
0.6450002395384461
0.47536135703829574
0.9237795924890796
1.0106103371666102
0.8009805554660502
0.6551016756605726
0.5212984543419347
0.25377090112905853
0.6825601728399409
0.33031981486167306
0.35884165715770794
0.7537219790191141
0.6461029059300771
0.7067247698066376
0.5684305146631821
0.3761495024286089
0.6887484737905704
0.48123363354810533
0.5081925619292849
0.8550795678106744
0.0
0.5606856963172505
0.4716778818953567
0.18409337972931025
0.4280494572818544
0.7776688564545259
0.6524361770313554
0.7021101656527201
0.7926749020243355
0.5372233243770431
0.46457618352568397
0.42339637350748527
0.8514033475132398
0.5353002925454925
0.3601569384300268
0.4293449430380659
0.36306138640633495
0.8713534185400549
0.23455790393693832
0.3146309108552592
0.5983799103258816
0.41662184295719795
0.7860772301416954
0.8184122778194435
0.6494787218059395
0.5347048157835219
0.4380495521034236
0.4024999156606247
0.7288706619248438
0.5198203921529146
0.41759825060458394
0.7662190082841916
1.0488945360225737
1.0702457682837574
0.6783374971669534
0.32187980707091585
0.287361508727265
0.44347092359707013
0.5385920073413734
0.5110789667806827
0.5163400129926113
0.5694663223699976
0.49301853664341055
0.5835318415263806
0.5757522036845453
0.46646604786630513
0.8207482503083146
0.46464042011005036
0.3899985770004937
1.0196620345693028
0.5606856963172505
0.0
0.4904445465167393
0.4180904725642526
0.4145192753515933
0.8171303446195166
0.7119672411691496
0.5903388217056457
0.7544720340065694
0.2882173660161261
0.45464766588866373
0.4304439156243354
0.9443735966375884
0.415588104976562
0.3332285853554734
0.5371707084440105
0.502150216666298
0.637695107428652
0.4681569823232481
0.501920086789959
0.34603825731990967
0.4755102311300359
0.3733807879402608
0.3973909425855099
0.5135722791565573
0.32753199661565896
0.4432049892544081
0.52155689740779
0.6116894391815589
0.36029184351022997
0.6239581216900577
0.36598824789875434
0.6882995296380785
0.7349075965996268
0.7195137390112301
0.4996430742039762
0.6115762932782793
0.5053947699604661
0.8134132055880332
0.6117619731057496
0.49967639736233294
0.5311084936846708
0.49548616418624647
0.7044514054911899
0.7716582548656109
0.5148580002291895
0.38265045200580905
0.7038587476084218
0.5384934690753826
0.5826217459896258
0.4716778818953567
0.4904445465167393
0.0
0.4472832881805557
0.5619021823235785
0.40427096420593944
0.2799926650824982
0.7164961403671343
0.6533770752788929
0.458697875434142
0.685341208814996
0.4978897995540781
0.5446117567266138
0.7253737832317901
0.48910260937762334
0.4392424782223255
0.35919634254819466
0.9748600738307063
0.5645714945868239
0.26814401771810986
0.2972527815466325
0.1924410660241522
0.6137814678132926
0.634194061515251
0.3313029042113228
0.3190952268632203
0.45190655502615806
0.1453630631323171
0.401320321199114
0.30748659235096737
0.5681350037443819
0.5195794318230949
0.9336553968545408
0.9932544689585292
0.750134364107262
0.5367468485586199
0.4033693581267794
0.23066066920721096
0.5885123871420295
0.3299172496369507
0.308437579132002
0.6848461506639356
0.559497018340232
0.6489302075821011
0.5102404163823265
0.3326876255733146
0.7017872978322991
0.38674265768464705
0.4079229491102578
0.8746576141780337
0.18409337972931025
0.4180904725642526
0.4472832881805557
0.0
0.3558251483743245
0.7630489135537839
0.654968677782083
0.64340373990552
0.7448203638969668
0.4568488746818948
0.3927183016815106
0.3009896690512981
0.8512672987134502
0.4440471116622761
0.21473531259578615
0.39875202021311446
0.27506000159167093
0.7779546340119325
0.21735639966564135
0.23357090204740832
0.539978429318246
0.42413113581337103
0.7993286698804755
0.8328028481273344
0.5466555529207225
0.5493326459869649
0.5238584827985513
0.26771885961515673
0.7167326169892438
0.5257319659294079
0.3342159162457481
0.7407111367463028
1.0642010853217545
1.1561306384141197
0.7543535708882938
0.462989434112702
0.2053344832218885
0.19152560724193626
0.44116012061948656
0.3216964438694342
0.32553567128810945
0.7765932655927427
0.4344134463848926
0.6406128210233643
0.5272173608316024
0.22016343224977217
0.78387737980519
0.3386243302952346
0.267424830927945
1.0504746167328367
0.4280494572818544
0.4145192753515933
0.5619021823235785
0.3558251483743245
0.0
0.8464600285896553
0.7228192720175632
0.5567526874304245
0.8044091931349368
0.4651857506048478
0.2581051336180666
0.43375419306330637
0.9984986834297022
0.3873496390859297
0.31346921698948366
0.5253505047726613
0.4795938907033742
0.6897625970717823
0.4108541590394334
0.7858776049762711
0.6436702015232646
0.8367483253764779
0.34626638975345275
0.37806041322651074
0.7850552910471089
0.5482583697738138
0.8157135587937716
0.8239164903760817
0.8507869549753629
0.7137136960994933
0.9357501263424896
0.43677316091994484
0.5381267601597229
0.45443592063110505
0.8582340939416939
0.7020495923366098
0.9171190162677907
0.8294838515615555
1.0446453776401827
0.9352430222772262
0.7880843956588659
0.6639524782422307
0.6174215208429328
0.9110194344806881
1.0317149801579115
0.8201168178375564
0.1574950503039699
0.9853017406327343
0.7575804183826559
0.3225546905565008
0.7776688564545259
0.8171303446195166
0.40427096420593944
0.7630489135537839
0.8464600285896553
0.0
0.281919421111778
0.9056671229325928
0.6569699003759609
0.8392748357968299
0.9783064448320884
0.7060076486837802
0.26214211798726356
1.0363659937010667
0.761295139876776
0.6335771224128046
0.5630833330866756
1.2611054873638485
0.9002305038155506
0.6881922019343434
0.5179379077930095
0.7074624928435006
0.3507342325363893
0.3789318461794944
0.6856829852643719
0.47915120288593654
0.6615570496941288
0.717951574908531
0.762452511804014
0.5638493061093539
0.7909549976262777
0.39555610739817937
0.4854639533477228
0.6483603574863596
0.7923320001640223
0.6364448366512214
0.7949757795052627
0.690268873469891
0.9584860901572855
0.7842562511821248
0.6566027190630572
0.6238518264491978
0.5616256888711556
0.8186429572661776
0.9285266808671897
0.6902897905227919
0.25425745391285975
0.8768208371918953
0.6798690190888536
0.48116941756516485
0.6524361770313554
0.7119672411691496
0.2799926650824982
0.654968677782083
0.7228192720175632
0.281919421111778
0.0
0.8163121348853023
0.6693175404843354
0.6864673159312071
0.8584947874040937
0.6708742952297397
0.43615394220716197
0.9165731355980273
0.6855745692483058
0.5553702181832314
0.5054012663221176
1.135779306845837
0.7694784727333183
0.4362394814271629
0.8103604008192897
0.7738341757424262
0.8029647196852986
0.8496866863591545
0.9401635954364118
0.5987050113623904
0.8883978092954755
0.5588711354276941
0.925059452182534
0.813754052254734
0.7348206767989894
0.8509984051929828
1.1263101098547417
1.0707254737920642
0.266100234715568
0.38066373123926583
0.4975403034539011
0.6014057332479901
0.3213659686027754
0.5006001122860841
0.7318144866590166
0.5072328196410403
0.41024833762125107
0.16966227016273508
0.3294499588174811
0.7423293344607903
0.8678274073571599
0.41404773238079223
0.3612614068253625
1.1151345916977915
0.7021101656527201
0.5903388217056457
0.7164961403671343
0.64340373990552
0.5567526874304245
0.9056671229325928
0.8163121348853023
0.0
0.45744443111814137
0.7654297392771434
0.4275848659166973
0.6562178156382225
0.9563647009317149
0.41882591904155125
0.5347999696718392
0.4012676645847383
0.656492084918775
0.4740211453916481
0.581610262599449
0.6368178703548134
0.8148605146459117
0.8941813294966184
0.5570315275394114
0.6086697840775406
0.9840801288518435
0.5130452319504002
1.005269705104058
0.7288445466034853
0.908489940921885
0.8653222347773112
0.9921716328085503
0.6809738351067536
0.8740992620978467
0.6668934367347155
0.31511688308296076
0.5034988978140865
0.7861197237062558
0.8086894150422598
0.6885171857150698
0.7718866372196374
0.8731138211487665
0.34509031189530665
0.49256884229516584
0.42632405515231353
0.6301063801313552
0.923544901398952
0.6551031681119013
0.7156715797723815
0.5718069432219585
0.8108390582600224
0.7926749020243355
0.7544720340065694
0.6533770752788929
0.7448203638969668
0.8044091931349368
0.6569699003759609
0.6693175404843354
0.45744443111814137
0.0
0.927434094694494
0.7550545212102235
0.6809230866992247
0.607751890184513
0.7552574811943276
0.6566943885857408
0.3709441737578446
0.6140924767492272
0.8609616601563683
0.7595102435122254
0.47305640255704356
0.5193796076042605
0.355460279089027
0.8060466255348568
0.8255945877908573
0.5650598729339186
0.6042230465770895
0.19069572622844913
0.48974966356894173
0.7049799235562284
0.3936248086716533
0.3421006707576483
0.7503575418722702
1.0601456749719802
1.159318444498637
0.850441067917354
0.5378953219679417
0.4288035116015208
0.43402673880767484
0.7416011819234078
0.5345271374291596
0.4628222811219395
0.7245741116065048
0.6350933606040892
0.7580324267470436
0.7416727379639969
0.4025823419304374
0.8235274377900142
0.6158957461045843
0.5663026931517557
1.0236016655770914
0.5372233243770431
0.2882173660161261
0.458697875434142
0.4568488746818948
0.4651857506048478
0.8392748357968299
0.6864673159312071
0.7654297392771434
0.927434094694494
0.0
0.5755029539470632
0.5827982421402759
0.9932971559467155
0.5731712683847608
0.49380870790397735
0.656135976782808
0.5695095170423368
0.7942284937081128
0.5116059127901041
0.22211026541616663
0.6358500989454983
0.490954397088304
0.8632956924906379
0.8964139646664367
0.6681472966353009
0.5674775942951756
0.6667571596915927
0.26171439225545085
0.7405731987833816
0.6242725846935776
0.5093467904581169
0.8226593548364962
1.1716976785843694
1.2138936963176963
0.6448675988169358
0.478940152941889
0.22511999022743406
0.2910367674390856
0.2603155105348124
0.2314993104055388
0.47764209894124704
0.7381838614898052
0.5104211539503433
0.4968021437167043
0.2965031876426289
0.43603462580396063
0.9167735657566977
0.12738437931668117
0.28045247425694075
1.1595745894076843
0.46457618352568397
0.45464766588866373
0.685341208814996
0.3927183016815106
0.2581051336180666
0.9783064448320884
0.8584947874040937
0.4275848659166973
0.7550545212102235
0.5755029539470632
0.0
0.4819516365777795
1.078187168363104
0.16954131915258888
0.321839727193521
0.4826145771160358
0.5547545943928721
0.5006684434425741
0.3269824765946946
0.29516397273928946
0.4899414213240191
0.4139340546274733
0.6381823390480889
0.6624832556744359
0.4826383787900222
0.3703194988480082
0.611281056470753
0.2899595970366216
0.6051504050698884
0.5410535278509881
0.658196967381334
0.5998509432350674
0.8847470655503753
0.8827410770774405
0.747582713071885
0.473949944719904
0.44295549437838566
0.4260767161925096
0.5721282942006976
0.5436024756365997
0.512845874197112
0.651876998646217
0.5208461331333852
0.6758631487819948
0.5787951805969362
0.4667735584841969
0.6849844617728565
0.474143579239344
0.36666871575966226
0.832910228295943
0.42339637350748527
0.4304439156243354
0.4978897995540781
0.3009896690512981
0.43375419306330637
0.7060076486837802
0.6708742952297397
0.6562178156382225
0.6809230866992247
0.5827982421402759
0.4819516365777795
0.0
0.7926304307196692
0.5194894155803368
0.1764266703194276
0.4474798713293035
0.34278407197534716
0.8596053872907091
0.43155458519172285
0.8913099573150075
0.7285019511806187
0.9421352822180438
0.2939438078978471
0.31077216184653417
0.8917471278417792
0.569941444360889
0.9733982843743092
0.9175485668906254
0.8776187169136711
0.8195542752147952
1.1296747535929286
0.4464636063448491
0.5218537100978093
0.23962615726305087
0.8525637160985916
0.8144573472363353
1.0532638532404162
0.9554592665378048
1.127542650158143
1.0232541524395982
0.9359695411293514
0.6512939143216129
0.7557347926951943
0.9306631184336266
1.0639953243057416
0.9890684580420348
0.31373077727739496
1.0659800608004393
0.8734011564965554
0.23622825326291605
0.8514033475132398
0.9443735966375884
0.5446117567266138
0.8512672987134502
0.9984986834297022
0.26214211798726356
0.43615394220716197
0.9563647009317149
0.607751890184513
0.9932971559467155
1.078187168363104
0.7926304307196692
0.0
1.117390640252033
0.85480966303783
0.6503628986986314
0.6472908233729631
1.329649359841963
0.9599714839633771
0.2775495323419586
0.6980250863894505
0.5186672082562576
0.9082603071657871
0.939741181894781
0.7426779927405018
0.5987505264524114
0.6919912332537168
0.33246693672249567
0.7735479530425051
0.6664429854833794
0.5687517240852855
0.8819211909235428
1.2210395091478408
1.2383073523402175
0.6031963800487535
0.4707771479160814
0.2634941230843678
0.4003809971781782
0.258414732407036
0.3094388948051618
0.5794563017009995
0.6888459089404538
0.5752886121765318
0.4412841294466785
0.24069510419250328
0.544916705377987
0.9922235654177186
0.16530898642813124
0.3542994823829694
1.211828833334147
0.5353002925454925
0.415588104976562
0.7253737832317901
0.4440471116622761
0.3873496390859297
1.0363659937010667
0.9165731355980273
0.41882591904155125
0.7552574811943276
0.5731712683847608
0.16954131915258888
0.5194894155803368
1.117390640252033
0.0
0.35779597943520824
0.5070249529805115
0.6130057364331919
0.39518979890580436
0.33795870886840595
0.13291786939023661
0.4695090396669696
0.3460361397604882
0.6652894427787728
0.6954832751756148
0.4941589420430039
0.35961480785284694
0.5517290820683645
0.15301821170579663
0.5808599252455363
0.4844102083978
0.5515752432352135
0.6228226104598323
0.9602171837662561
0.9696133744745067
0.6581420895246864
0.39399576152542554
0.29891721261914644
0.30247097381631904
0.4423849850808682
0.38727811804727624
0.42439394986380286
0.6101876788038251
0.4546730082157945
0.5581490481954734
0.43890993413482915
0.39042713135744034
0.7256079939404264
0.31374437061706156
0.25683765361963573
0.9151990048071513
0.3601569384300268
0.3332285853554734
0.48910260937762334
0.21473531259578615
0.31346921698948366
0.761295139876776
0.6855745692483058
0.5347999696718392
0.6566943885857408
0.49380870790397735
0.321839727193521
0.1764266703194276
0.85480966303783
0.35779597943520824
0.0
0.37713793238666676
0.3305726092706412
0.7007069717501104
0.3051718368395092
0.3601392231124097
0.4838225404998097
0.5509094390231449
0.44057542149443607
0.4823303772184476
0.6504832511542084
0.21702499856525748
0.7068238960624421
0.398323753259594
0.5981643353608104
0.5345090925745698
0.7461705494725297
0.46911338379851203
0.8373450667704981
0.7827727479736696
0.41305787732747373
0.42035450111886513
0.5398253216040259
0.47057576438918997
0.54314838220038
0.43737597145249074
0.5560006662104732
0.4056885783845658
0.41491568523362665
0.37899664910117714
0.42099554641588555
0.6121416752736984
0.5785826652431267
0.4525672215361383
0.375614856100248
0.7704704116946284
0.4293449430380659
0.5371707084440105
0.4392424782223255
0.39875202021311446
0.5253505047726613
0.6335771224128046
0.5553702181832314
0.4012676645847383
0.3709441737578446
0.656135976782808
0.4826145771160358
0.4474798713293035
0.6503628986986314
0.5070249529805115
0.37713793238666676
0.0
0.3432724428859532
0.7292205291188393
0.4071630263725944
0.3806623306859243
0.3393978319450494
0.4110123599362191
0.4463154631792293
0.48797872499628503
0.44520737864624493
0.2551473300409785
0.5558905737642976
0.3571148598331355
0.40026241736671964
0.3704807687316577
0.6689521499703733
0.36371328556982907
0.7739324841354058
0.7891879661777922
0.7129916970091029
0.5041181509328938
0.5385900574648589
0.41911828879373947
0.6779978798086319
0.5065755528233079
0.3599913536197779
0.6076588297424798
0.4617762384532145
0.6650330894034618
0.621337654003232
0.4654135740392624
0.5110800435061518
0.5237112564132035
0.4378798126390848
0.6844115489966545
0.36306138640633495
0.502150216666298
0.35919634254819466
0.27506000159167093
0.4795938907033742
0.5630833330866756
0.5054012663221176
0.656492084918775
0.6140924767492272
0.5695095170423368
0.5547545943928721
0.34278407197534716
0.6472908233729631
0.6130057364331919
0.3305726092706412
0.3432724428859532
0.0
0.8775576392802984
0.44944966347745774
0.6078911252884763
1.0055450661892833
0.8427434782508424
1.14422869273033
1.1867994836254394
1.0888643075365751
0.879957481994903
0.9445040075400475
0.6935755125262786
1.0242848291978945
0.934696105832912
0.7607683451495211
1.1423788000576736
1.4518328370233298
1.4435723929658706
0.6185552280915378
0.620039746981764
0.5440381398938956
0.7306001986193313
0.4193812481444658
0.5892897590443008
0.837256015547222
0.7878627175819466
0.7310203909079487
0.47373897899699674
0.425034222152158
0.8557110088722769
1.2304105088057236
0.4605683988737049
0.6180766457348879
1.463764077635194
0.8713534185400549
0.637695107428652
0.9748600738307063
0.7779546340119325
0.6897625970717823
1.2611054873638485
1.135779306845837
0.4740211453916481
0.8609616601563683
0.7942284937081128
0.5006684434425741
0.8596053872907091
1.329649359841963
0.39518979890580436
0.7007069717501104
0.7292205291188393
0.8775576392802984
0.0
0.6736143780080782
0.3044949424920552
0.4120789831197412
0.2880220825220527
0.7049777107631772
0.7190788802690563
0.4708547652950546
0.3935898881158408
0.5433493259405039
0.19908335719903866
0.5032102967510204
0.41675772338374245
0.6239507055449051
0.6368668260319421
1.0489840656559088
1.0990416579729085
0.6934224686321611
0.5811423148420704
0.4154672670620395
0.2697358337362546
0.5334352866327836
0.22589721272791305
0.44661595882928323
0.6866804594307312
0.6381804559840422
0.56643902584613
0.3841238866332579
0.4459540277876185
0.8331423953144204
0.32661892182464886
0.44921514925126915
1.0063099365503652
0.23455790393693832
0.4681569823232481
0.5645714945868239
0.21735639966564135
0.4108541590394334
0.9002305038155506
0.7694784727333183
0.581610262599449
0.7595102435122254
0.5116059127901041
0.3269824765946946
0.43155458519172285
0.9599714839633771
0.33795870886840595
0.3051718368395092
0.4071630263725944
0.44944966347745774
0.6736143780080782
0.0
